unsigned char RandomBlock[150] = {
	214, 101, 47, 96, 82, 96, 53, 164, 188, 184, 170, 15, 98, 86, 98, 114, 
	220, 63, 223, 148, 229, 22, 200, 214, 106, 225, 150, 23, 225, 16, 145, 214, 
	220, 187, 251, 150, 222, 43, 139, 135, 109, 156, 29, 98, 104, 65, 167, 149, 
	155, 137, 111, 160, 145, 161, 123, 191, 169, 58, 73, 201, 108, 140, 193, 88, 
	30, 154, 104, 42, 147, 184, 214, 199, 69, 75, 106, 100, 163, 209, 60, 8, 
	171, 33, 83, 237, 186, 243, 25, 41, 163, 162, 11, 141, 255, 49, 181, 206, 
	197, 141, 222, 226, 27, 17, 0, 173, 107, 79, 251, 221, 184, 14, 9, 19, 
	51, 143, 245, 67, 9, 21, 136, 93, 128, 163, 69, 45, 66, 8, 86, 128, 
	248, 25, 197, 136, 27, 62, 239, 129, 7, 48, 54, 149, 82, 0, 247, 253, 
	91, 92, 188, 106, 38, 14,  };
